3 0.816099 0.443640 0.019898 0.016468
3 0.569884 0.438090 0.022354 0.018070
5 0.198302 0.479672 0.044369 0.027093
3 0.842816 0.448041 0.021684 0.016430
3 0.428919 0.448579 0.020149 0.014422
3 0.618825 0.440884 0.020482 0.015446
3 0.745459 0.479612 0.024709 0.019362
3 0.544834 0.549753 0.021281 0.017339
3 0.042060 0.611199 0.021851 0.017831
3 0.655624 0.522567 0.022774 0.017803
3 0.844604 0.475928 0.019715 0.017056
3 0.715027 0.465952 0.022235 0.018541
3 0.356220 0.326693 0.011988 0.034997
3 0.659007 0.551118 0.022263 0.017542
3 0.498199 0.615116 0.020512 0.019053
3 0.671538 0.469397 0.022650 0.018103
3 0.805516 0.519150 0.021558 0.015981
3 0.186629 0.301608 0.011773 0.040745
3 0.403092 0.531835 0.020758 0.016040
3 0.730969 0.441255 0.027080 0.021125
3 0.774862 0.448581 0.022708 0.017275
3 0.338555 0.661148 0.014262 0.039817
3 0.114782 0.554642 0.025019 0.018502
3 0.864889 0.519197 0.021620 0.018091
3 0.640493 0.463473 0.022142 0.016449
3 0.728713 0.745370 0.015967 0.032897
3 0.926175 0.530370 0.024447 0.018251
3 0.813935 0.472153 0.018256 0.017099
3 0.891385 0.647535 0.022360 0.017444
5 0.507794 0.474889 0.040990 0.025908
3 0.366955 0.642700 0.022083 0.018184
3 0.781368 0.475621 0.029918 0.021537
5 0.860338 0.550564 0.036817 0.024303
3 0.919824 0.445566 0.021314 0.019194
3 0.649713 0.437805 0.022522 0.017702
3 0.689203 0.439852 0.021056 0.015879
3 0.265349 0.467791 0.019058 0.015051
3 0.981039 0.425238 0.021511 0.016133
3 0.511228 0.438253 0.029485 0.018839
3 0.953598 0.469053 0.019854 0.014049
3 0.979433 0.445599 0.021255 0.016214
3 0.741184 0.778503 0.015276 0.027985
3 0.334868 0.437638 0.020282 0.016404
3 0.954899 0.449354 0.021782 0.015691
3 0.112750 0.467441 0.025865 0.017764
3 0.952549 0.598346 0.027192 0.019381
3 0.497650 0.527882 0.021526 0.015956
3 0.425658 0.553957 0.019414 0.015946
3 0.914894 0.474668 0.019996 0.019011
3 0.327746 0.561380 0.020135 0.015900
3 0.197120 0.448195 0.025280 0.019211
3 0.007103 0.441033 0.014172 0.025264
3 0.142832 0.639826 0.017378 0.015834
3 0.580352 0.551235 0.023823 0.017431
4 0.604037 0.481374 0.024937 0.017415
3 0.261675 0.361142 0.024509 0.017096
5 0.412115 0.657751 0.043621 0.028375
3 0.167666 0.640231 0.020005 0.015220
3 0.401792 0.476407 0.022838 0.017985
3 0.302964 0.641045 0.019511 0.018208
3 0.919259 0.438168 0.020778 0.016359
3 0.110503 0.446901 0.024445 0.018497
3 0.228879 0.351449 0.019739 0.014712
5 0.563261 0.519898 0.025628 0.018245
9 0.453028 0.380950 0.009685 0.010093
4 0.184681 0.553654 0.020409 0.016578
3 0.759665 0.824248 0.017175 0.034506
3 0.269215 0.441229 0.022515 0.015453
4 0.884277 0.448175 0.025585 0.019008
3 0.880790 0.452758 0.024303 0.015820
9 0.290250 0.597905 0.010108 0.010130
9 0.768210 0.381750 0.011142 0.010294
9 0.378482 0.559598 0.010142 0.011074
3 0.022056 0.351342 0.028539 0.017780
4 0.309293 0.521110 0.026763 0.018907
3 0.992768 0.478874 0.014464 0.019449
4 0.592925 0.457826 0.024210 0.019078
9 0.266958 0.603478 0.011101 0.010487
3 0.299137 0.292029 0.011581 0.039599
5 0.522697 0.644740 0.025486 0.018740
9 0.164802 0.431660 0.007874 0.009430
3 0.990727 0.665429 0.017531 0.021830
3 0.110487 0.636605 0.026167 0.021286
9 0.230501 0.382443 0.010342 0.013950
9 0.466844 0.595578 0.005392 0.011466
3 0.449469 0.650453 0.023268 0.013789
3 0.637000 0.643559 0.019390 0.015758
9 0.652235 0.612535 0.012188 0.008864
0 0.191686 0.626888 0.007756 0.008864
0 0.263984 0.647571 0.008310 0.006894
9 0.078392 0.374262 0.016066 0.013789
9 0.160108 0.367367 0.011080 0.007879
7 0.118557 0.378694 0.018836 0.014773
9 0.201381 0.387558 0.010526 0.010834