3 0.49392271041870117 0.5524645770037615 0.023079872131347656 0.01725192599826389
3 0.7679107030232747 0.5293494895652489 0.022447077433268226 0.0177947998046875
3 0.4595784187316895 0.5204329879195602 0.023712348937988282 0.01724310980902778
3 0.38176511128743484 0.5508786236798322 0.019890594482421874 0.017793782552083335
3 0.7178477287292481 0.46519766913519967 0.022244962056477868 0.017130364312065972
3 0.4064810752868652 0.6155542444299769 0.020496559143066407 0.019114402488425927
3 0.8028144836425781 0.4490116543240017 0.022317123413085938 0.01833835177951389
3 0.8367965698242188 0.44328668382432723 0.018115234375 0.015155792236328125
3 0.5737372716267903 0.4377196417914497 0.02646293640136719 0.017509629991319445
7 0.7147918065388997 0.5510962592230902 0.03660036722819011 0.02295498318142361
3 0.6843125661214192 0.4690511915418836 0.022666168212890626 0.020834633156105325
3 0.3562176704406738 0.3266205257839627 0.011933199564615886 0.03490846421983507
3 0.7108909606933593 0.5196406894259982 0.022134780883789062 0.017806159125434026
3 0.6901286443074546 0.43822157118055555 0.0230279286702474 0.01730160183376736
3 0.6585830688476562 0.4625857035319011 0.021804300944010414 0.016038004557291666
7 0.0911591688791911 0.4414527893066406 0.04527800877888997 0.026889377170138888
3 0.7469306310017904 0.4802060445149739 0.024359893798828126 0.018494160970052083
3 0.7221553802490235 0.4384850396050347 0.021284103393554688 0.01716545952690972
3 0.6456001281738282 0.5210897657606337 0.02310206095377604 0.01810127540870949
3 0.9303455352783203 0.44633984035915797 0.020948410034179688 0.016864352756076388
3 0.1865621566772461 0.3022371221471716 0.011937459309895836 0.04239583898473669
3 0.8895845413208008 0.5491981788917825 0.020957183837890626 0.0188140869140625
3 0.9800129572550457 0.5184524253562645 0.020767593383789064 0.016999025698061342
3 0.7288883209228516 0.7458866543240018 0.016146723429361978 0.03335045708550347
3 0.2103116909662882 0.4450198703342014 0.022940937678019205 0.019045172797309027
3 0.13310930728912354 0.5597437540690104 0.02073664665222168 0.01877147533275463
3 0.8715105056762695 0.4764869689941406 0.0210357666015625 0.017383999294704862
3 0.338830312093099 0.6612647162543402 0.014758872985839843 0.03926459418402778
3 0.8390596389770508 0.47399149294252746 0.02001533508300781 0.01697492246274595
3 0.9711858749389648 0.4487544589572483 0.02366218566894531 0.014630296495225695
3 0.6571409225463867 0.43896009657118057 0.0204315185546875 0.015705589011863426
7 0.3033170382181804 0.47946380332664207 0.04490197499593099 0.02924604062680845
3 0.9505807240804036 0.5977682608145255 0.024639129638671875 0.018657090928819446
3 0.8595039367675781 0.44798075358072914 0.021055984497070312 0.01692470974392361
3 0.31180814107259114 0.4468527334707755 0.02540168762207031 0.018919542100694443
3 0.9949748039245605 0.44473995632595487 0.010050392150878907 0.015550062391493057
3 0.36688432693481443 0.6426393296983507 0.021820449829101564 0.01876763237847222
3 0.741332753499349 0.7788675944010417 0.014984893798828124 0.028661431206597223
4 0.16756100654602052 0.5527576022677951 0.009389114379882813 0.010319575557002313
3 0.768473752339681 0.4398346794976129 0.026270675659179687 0.021416558159722224
3 0.891600227355957 0.647459778962312 0.022457758585611984 0.017580329047309027
3 0.16772727966308593 0.640372551812066 0.02013998031616211 0.01539645724826389
3 0.22194048563639324 0.5568709196867766 0.019851112365722658 0.015507337782118056
3 0.4353828430175781 0.43893525865342886 0.020598983764648436 0.016277680573640048
2 0.5674620946248372 0.4737245347764757 0.03969383239746094 0.02488414623119213
3 0.5223479270935059 0.44909193250868057 0.019736480712890626 0.015089755588107639
3 0.25177907943725586 0.5337836936668112 0.021411800384521486 0.015482245551215277
3 0.7831767082214356 0.4747187013979311 0.030991299947102865 0.023052808973524304
3 0.6229623794555664 0.4356952243381076 0.02233149210611979 0.016718207465277777
8 0.24513964653015136 0.46168997022840713 0.024441337585449217 0.014695994059244792
7 0.36341859499613444 0.5225845336914062 0.025790309906005858 0.02031577781394676
3 0.759624735514323 0.8246465047200521 0.017124176025390625 0.03411051432291667
3 0.982550048828125 0.4683659164993852 0.02547149658203125 0.016101102475766783
3 0.6283639907836914 0.4818219502766927 0.023521550496419272 0.014960564507378472
3 0.1428305149078369 0.6399524264865452 0.017379093170166015 0.015919212058738426
3 0.6253801345825195 0.45843938191731776 0.023500442504882812 0.017100355360243055
3 0.3118384997049968 0.528824304651331 0.021372032165527344 0.01524341724537037
4 0.35616245269775393 0.6021035088433159 0.012232526143391926 0.008995338722511573
3 0.38035758336385095 0.4401152716742622 0.02166576385498047 0.015887620713975696
7 0.09157781600952149 0.4756317986382379 0.04341866175333659 0.022525872124565974
3 0.2616388400395711 0.3607618543836805 0.025081745783487954 0.01774207221137153
3 0.8922651290893555 0.4229555765787761 0.018843841552734376 0.01637658013237847
7 0.7835077921549479 0.4742089024296513 0.03017730712890625 0.02180291635018808
3 0.1617807070414225 0.34753714667426217 0.024156570434570312 0.02222374810112847
4 0.18701773484547932 0.3899385240342882 0.011273717880249024 0.009197658962673612
3 0.04583563804626465 0.45935584174262156 0.023337586720784505 0.018147108289930554
3 0.009297953049341839 0.4439063178168402 0.018212266763051353 0.020407782660590276
2 0.3031794548034668 0.4781645598234953 0.0453017552693685 0.026936509874131945
3 0.033387903372446695 0.25823788113064233 0.018488359451293946 0.014482738353587963
4 0.3813695271809896 0.5969411496762875 0.009792327880859375 0.00921817355685764
4 0.32158966064453126 0.6244315253363716 0.007822926839192708 0.010935578522858796
3 0.8947835922241211 0.4452468024359809 0.02242431640625 0.016769748263888887
3 0.9307957967122396 0.47474941677517357 0.03792495727539062 0.019807603624131944
7 0.4121513366699219 0.6576415733054833 0.04322357177734375 0.029136544686776622
4 0.945611572265625 0.5582277651186343 0.011557769775390626 0.009408230251736111
3 0.993678092956543 0.42736279522931125 0.011510086059570313 0.015512763129340277
3 0.4185812950134277 0.4681964450412326 0.023817825317382812 0.014569769965277778
3 0.9401803970336914 0.47353843406394674 0.024118804931640626 0.018517049153645833
4 0.030698790152867635 0.37968449062771265 0.011706435680389404 0.009116702609592013
3 0.9906417846679687 0.6656151665581598 0.017702102661132812 0.020598234953703703
3 0.29920845031738286 0.29245283338758676 0.011835797627766926 0.03988884819878472
4 0.20782753626505535 0.2675719367133247 0.004844474792480469 0.01509235523365162
7 0.4169157028198242 0.5496231079101562 0.023691368103027344 0.0169189453125
3 0.9746833801269531 0.44952362908257376 0.02112236022949219 0.01601808336046007
3 0.9430999755859375 0.7023338317871094 0.015360260009765625 0.022766960991753474
2 0.15979113578796386 0.5236048380533854 0.02680549621582031 0.021465047200520834
3 0.49999303817749025 0.47536297550907847 0.021072578430175782 0.019078374792028358
3 0.18316960334777832 0.4840956793891059 0.017508411407470705 0.01303241871021412
3 0.9931126594543457 0.6882406729239006 0.013774681091308593 0.025804985894097222
3 0.2286980152130127 0.35175331963433154 0.020006084442138673 0.015592108832465278
7 0.5678809483846029 0.4738600695574725 0.03982810974121094 0.022642319290726274
4 0.9689445495605469 0.3990694399233217 0.0086395263671875 0.011470540364583332
4 0.9689327239990234 0.38068228827582457 0.010257720947265625 0.010822041829427082
0 0.22163906774958467 0.38703291626510633 0.017583057566772878 0.01398418613497725
8 0.021284753896619817 0.35289505011207356 0.03053899472123713 0.019742380425850355
7 0.11035682183356146 0.6358691695492609 0.027300010432621064 0.01809718205702943
3 0.30030011475883184 0.6453290601699807 0.020359329814158045 0.017274582872619036
0 0.24616280593482057 0.6350465703648503 0.01573220940184946 0.011516388581745928
4 0.5112968055601067 0.6165380887156158 0.009254240824617383 0.010693789397335679
4 0.623735831579207 0.6325787728116192 0.008328816742155567 0.011516388581745928
3 0.449524748055786 0.6486194569076225 0.02267289002031241 0.01562938450379832
3 0.6371544807749021 0.642038663432339 0.020359329814158045 0.01069378939733575
