3 0.656815 0.436305 0.025742 0.019783
3 0.865258 0.551519 0.021995 0.019300
3 0.455763 0.439849 0.023637 0.018764
3 0.131706 0.609346 0.020784 0.017907
3 0.837134 0.466363 0.021497 0.019570
3 0.657589 0.551071 0.021441 0.016467
3 0.132156 0.449742 0.021001 0.017608
3 0.270924 0.479066 0.023470 0.017573
3 0.691214 0.435738 0.020851 0.017844
3 0.517464 0.529012 0.021186 0.015874
3 0.794596 0.472898 0.022017 0.017505
5 0.408489 0.436516 0.041649 0.023815
3 0.569449 0.476110 0.020389 0.017364
3 0.279068 0.446938 0.020802 0.017506
3 0.625235 0.448704 0.020856 0.015558
3 0.227722 0.449515 0.023247 0.018194
3 0.728756 0.745964 0.016209 0.033412
3 0.186591 0.301434 0.012230 0.040767
3 0.584243 0.534209 0.019083 0.015240
3 0.820734 0.441566 0.028333 0.020795
3 0.872715 0.479727 0.023901 0.018948
3 0.960364 0.475500 0.020850 0.016108
3 0.356159 0.326900 0.011826 0.034577
3 0.301832 0.557270 0.020437 0.017574
3 0.395735 0.528505 0.021550 0.016902
5 0.013804 0.474092 0.027601 0.025859
8 0.500479 0.474055 0.041678 0.027119
3 0.891461 0.647172 0.022680 0.017956
3 0.951558 0.598080 0.025250 0.019474
3 0.096671 0.526570 0.021428 0.018505
3 0.786176 0.555112 0.021196 0.016405
3 0.697577 0.615004 0.022185 0.018545
3 0.321254 0.520129 0.020620 0.017320
3 0.153057 0.529534 0.022344 0.016976
5 0.085659 0.479556 0.049469 0.025783
3 0.773837 0.440784 0.021379 0.017995
3 0.919083 0.433377 0.020486 0.015582
3 0.741431 0.779078 0.015290 0.028829
3 0.338386 0.660030 0.014205 0.041501
3 0.351414 0.444726 0.023952 0.017125
3 0.869617 0.446323 0.022886 0.017280
3 0.715820 0.440139 0.019794 0.016267
5 0.618202 0.475492 0.038320 0.022588
3 0.379812 0.467020 0.020878 0.015761
3 0.990329 0.476330 0.017805 0.016720
3 0.142917 0.640099 0.016821 0.016777
3 0.936566 0.449703 0.021066 0.014836
3 0.167638 0.640438 0.020195 0.015674
5 0.324790 0.480864 0.030356 0.022891
9 0.165050 0.389936 0.011544 0.010140
3 0.533651 0.441936 0.023534 0.017865
4 0.188581 0.378483 0.024195 0.017604
3 0.367261 0.643104 0.021178 0.018876
4 0.744712 0.438949 0.023236 0.018523
3 0.982482 0.449072 0.026735 0.018453
4 0.970349 0.555231 0.029002 0.018508
3 0.993030 0.534159 0.012468 0.018722
3 0.209993 0.481902 0.019888 0.016851
3 0.562815 0.436774 0.018980 0.013958
8 0.947002 0.528631 0.034243 0.020492
5 0.775912 0.522769 0.035709 0.022738
3 0.759512 0.824867 0.017459 0.035541
3 0.462185 0.482066 0.015927 0.013576
5 0.117469 0.554549 0.038676 0.022178
3 0.712026 0.460203 0.023267 0.018259
3 0.161309 0.346569 0.024254 0.021177
5 0.417748 0.468783 0.038732 0.022057
3 0.021376 0.351731 0.029860 0.019179
3 0.500373 0.435684 0.023070 0.018539
9 0.229723 0.396040 0.010262 0.011602
4 0.763397 0.467045 0.020863 0.017777
5 0.412083 0.657977 0.044169 0.028382
3 0.763202 0.466746 0.021021 0.017437
3 0.261752 0.360934 0.024927 0.017640
3 0.600067 0.428573 0.018409 0.015385
5 0.499756 0.473227 0.041517 0.027874
4 0.915864 0.477551 0.029559 0.021918
4 0.600261 0.428416 0.018448 0.014996
3 0.619190 0.475381 0.038585 0.022715
5 0.947308 0.527514 0.034524 0.019829
3 0.299203 0.292398 0.011887 0.040205
9 0.217848 0.599835 0.007863 0.009375
3 0.338795 0.547180 0.020146 0.018161
3 0.461378 0.484005 0.015701 0.011936
9 0.730616 0.597020 0.010436 0.010875
9 0.494888 0.622268 0.011035 0.009736
5 0.261731 0.360818 0.025078 0.018683
3 0.573909 0.983377 0.021800 0.025421
9 0.177685 0.618476 0.011164 0.010187
3 0.194173 0.641141 0.017905 0.016599
6 0.033264 0.258252 0.018396 0.015029
9 0.146518 0.572805 0.008675 0.011774
3 0.319349 0.455140 0.026099 0.018323
3 0.943093 0.703041 0.015197 0.023837
4 0.720139 0.483087 0.021381 0.018285
9 0.207804 0.267500 0.004823 0.015077
3 0.110296 0.636523 0.025460 0.020791
3 0.450112 0.647809 0.022186 0.011952
7 0.246738 0.635260 0.013446 0.010757
9 0.405062 0.569280 0.009406 0.004095
9 0.354289 0.570475 0.008830 0.005801
9 0.311450 0.604878 0.009790 0.008531
0 0.270563 0.637297 0.004799 0.005119
0 0.263941 0.649241 0.006527 0.005119
0 0.260582 0.638321 0.005183 0.005801
0 0.249832 0.623988 0.005567 0.005801
0 0.314426 0.625524 0.004991 0.006825
0 0.313274 0.632520 0.005759 0.006484