5 0.127644 0.440215 0.044983 0.028031
3 0.395765 0.519937 0.024228 0.019260
3 0.840853 0.443628 0.018968 0.016458
3 0.325915 0.550992 0.020523 0.018905
3 0.630478 0.436197 0.021263 0.018652
3 0.384661 0.616132 0.021774 0.018593
3 0.439794 0.552384 0.022144 0.018207
3 0.356115 0.326570 0.012308 0.035611
3 0.711611 0.528727 0.022752 0.018563
3 0.685671 0.469748 0.022050 0.020720
3 0.719410 0.465096 0.022666 0.018717
3 0.936317 0.446698 0.020105 0.016031
3 0.256214 0.529443 0.020671 0.016691
3 0.655609 0.520351 0.021271 0.017617
3 0.807719 0.448418 0.023152 0.017544
3 0.928098 0.518684 0.021833 0.016915
3 0.586060 0.437639 0.026989 0.019710
3 0.988184 0.526736 0.023380 0.020616
3 0.884571 0.477627 0.021468 0.019041
3 0.084277 0.460928 0.022394 0.017418
8 0.573745 0.474141 0.041288 0.024360
3 0.951422 0.598057 0.025172 0.019281
3 0.659195 0.463067 0.022319 0.015989
3 0.186572 0.301966 0.011833 0.040184
3 0.588373 0.520500 0.021740 0.016442
3 0.728894 0.745739 0.016025 0.033056
3 0.748642 0.479743 0.024600 0.019042
3 0.840263 0.549161 0.021507 0.018858
3 0.733213 0.438661 0.021541 0.018232
3 0.978152 0.448896 0.021927 0.014609
3 0.462025 0.438626 0.019146 0.016944
3 0.891874 0.647201 0.022876 0.017828
3 0.366653 0.642274 0.021857 0.018154
3 0.338778 0.661268 0.014837 0.039917
3 0.302425 0.527145 0.024437 0.017443
3 0.148128 0.555821 0.019684 0.016506
4 0.627176 0.459625 0.022914 0.018031
3 0.199594 0.534718 0.021255 0.015975
3 0.067067 0.558237 0.022273 0.015892
3 0.167623 0.640323 0.020321 0.015108
3 0.517420 0.476097 0.021785 0.018725
3 0.741399 0.779476 0.015092 0.028905
3 0.543025 0.449579 0.020807 0.015815
5 0.662004 0.551638 0.036274 0.023298
5 0.336783 0.478301 0.043415 0.027489
3 0.989616 0.468775 0.019680 0.016341
3 0.790197 0.474886 0.030750 0.022818
3 0.247800 0.445797 0.022967 0.019560
3 0.516698 0.473472 0.020733 0.016259
4 0.776119 0.441467 0.028267 0.022024
3 0.863856 0.448491 0.019855 0.016703
3 0.847896 0.473405 0.019397 0.016274
3 0.413864 0.439830 0.020659 0.017094
3 0.037436 0.444591 0.026962 0.017745
5 0.135470 0.474818 0.043861 0.021935
4 0.348698 0.447533 0.024546 0.019005
3 0.142869 0.640387 0.017078 0.016194
4 0.902308 0.445572 0.023800 0.019049
3 0.666581 0.439349 0.021547 0.015751
3 0.462302 0.466627 0.021924 0.016704
3 0.700083 0.436921 0.022947 0.018408
3 0.759845 0.824938 0.017143 0.034148
3 0.161477 0.346587 0.024387 0.021824
3 0.630718 0.481894 0.023911 0.016214
4 0.666032 0.439859 0.020582 0.015749
3 0.940960 0.473869 0.040434 0.022140
5 0.790221 0.475262 0.031038 0.021661
3 0.947086 0.475098 0.032396 0.021228
4 0.338002 0.476432 0.042404 0.024871
4 0.108660 0.525553 0.027178 0.018239
5 0.412124 0.657752 0.043121 0.028959
3 0.136927 0.474441 0.041269 0.019934
9 0.325037 0.624095 0.013958 0.012367
3 0.299225 0.292471 0.012035 0.040227
3 0.021978 0.351284 0.028118 0.017565
5 0.119907 0.337126 0.028722 0.022490
7 0.261539 0.360583 0.025322 0.018327
3 0.449776 0.648527 0.025295 0.019603
8 0.337105 0.478145 0.043472 0.028442
9 0.064963 0.382801 0.014842 0.013242
9 0.386004 0.389669 0.008852 0.009552
9 0.062996 0.385408 0.015508 0.012007
9 0.013315 0.431837 0.011962 0.011632
3 0.228972 0.351137 0.020187 0.016106
5 0.361868 0.551347 0.025010 0.019014
9 0.064828 0.481839 0.014976 0.010639
9 0.472265 0.619261 0.008739 0.011004
3 0.943219 0.702657 0.015951 0.023618
7 0.259608 0.387394 0.017838 0.013226
3 0.990629 0.665401 0.017620 0.020780
9 0.573106 0.383695 0.010445 0.009656
9 0.412879 0.600951 0.008356 0.005942
9 0.385931 0.600208 0.011281 0.005942
3 0.637982 0.645456 0.018383 0.013370
4 0.523296 0.644713 0.027157 0.017826
7 0.246085 0.635429 0.015041 0.014112
3 0.195531 0.640257 0.019219 0.014855
0 0.259246 0.643971 0.005431 0.007428
0 0.268228 0.635429 0.004178 0.005199
0 0.263215 0.648427 0.004178 0.004457
0 0.210154 0.628001 0.006685 0.003714