3 0.717774 0.465453 0.022500 0.017055
3 0.557141 0.437321 0.026080 0.017333
5 0.055779 0.441789 0.044599 0.027338
3 0.831785 0.443895 0.019528 0.015521
3 0.548017 0.552535 0.022696 0.019477
3 0.859948 0.476432 0.021543 0.016466
3 0.608742 0.436829 0.021144 0.018688
5 0.767452 0.551998 0.033677 0.023004
3 0.746220 0.480984 0.024378 0.017829
3 0.796068 0.448556 0.022531 0.016857
3 0.434999 0.615583 0.020856 0.018464
3 0.822007 0.531700 0.023482 0.018318
3 0.356307 0.326543 0.012120 0.035056
3 0.764493 0.518690 0.019263 0.017713
3 0.656167 0.463227 0.022319 0.016455
3 0.436405 0.549816 0.020647 0.015906
3 0.683201 0.469878 0.022402 0.018120
3 0.186619 0.301409 0.012068 0.041151
3 0.174272 0.445272 0.024503 0.018997
3 0.728830 0.745771 0.016112 0.033398
3 0.338440 0.661732 0.015531 0.040243
3 0.711649 0.438853 0.022047 0.017281
3 0.498589 0.449036 0.021136 0.014953
3 0.039254 0.554595 0.021293 0.016695
3 0.648006 0.440019 0.020513 0.015515
3 0.923886 0.445892 0.018944 0.016589
3 0.826355 0.472373 0.018520 0.015217
3 0.403419 0.439431 0.019524 0.014960
3 0.965121 0.448590 0.021842 0.014888
3 0.369413 0.529272 0.021279 0.015355
3 0.198309 0.560743 0.020335 0.017177
3 0.951686 0.597451 0.026530 0.019244
3 0.781811 0.475830 0.031450 0.021719
3 0.855588 0.448807 0.021837 0.016430
3 0.891531 0.647466 0.022190 0.017334
3 0.741404 0.779282 0.014935 0.028463
3 0.293963 0.557877 0.019607 0.014877
3 0.937528 0.473924 0.011604 0.019832
3 0.167642 0.640249 0.020478 0.015627
3 0.010821 0.457125 0.021598 0.020825
3 0.367035 0.642876 0.021669 0.019012
3 0.991151 0.445107 0.017699 0.017596
5 0.267312 0.480312 0.047661 0.029571
4 0.889933 0.448725 0.023138 0.016718
3 0.197219 0.466223 0.024918 0.017538
3 0.427497 0.521218 0.024740 0.019087
3 0.970538 0.470111 0.021951 0.014133
3 0.939299 0.547424 0.021568 0.018186
8 0.555425 0.474256 0.038971 0.024386
4 0.271755 0.446109 0.025518 0.019573
3 0.620142 0.459495 0.023080 0.017458
3 0.472409 0.549956 0.023766 0.016584
9 0.240079 0.558220 0.010445 0.010569
3 0.142881 0.640115 0.017562 0.016283
3 0.759642 0.824838 0.017307 0.034312
3 0.303320 0.533299 0.021649 0.016468
3 0.755966 0.440673 0.027622 0.019809
3 0.228822 0.351516 0.020386 0.016145
3 0.626779 0.481874 0.024180 0.016198
5 0.052397 0.476925 0.044136 0.024005
5 0.555236 0.473745 0.038867 0.024007
9 0.116381 0.403510 0.011127 0.010858
3 0.677793 0.438554 0.022508 0.016292
4 0.344316 0.440708 0.022844 0.018384
5 0.411285 0.657451 0.043780 0.028893
3 0.022666 0.351393 0.027813 0.017482
4 0.210007 0.523597 0.026654 0.021555
3 0.921385 0.471578 0.036407 0.018517
3 0.474872 0.475394 0.022510 0.019660
3 0.299209 0.292293 0.011843 0.040106
9 0.907984 0.381768 0.010806 0.009975
3 0.990856 0.665476 0.017288 0.020461
3 0.052189 0.292517 0.021481 0.019419
3 0.943544 0.702938 0.015361 0.023491
9 0.586850 0.387379 0.009939 0.009788
9 0.207809 0.267430 0.004750 0.014828
3 0.925667 0.473094 0.033456 0.019617
4 0.523046 0.644346 0.025161 0.017744
9 0.096478 0.372476 0.006903 0.013183
5 0.123623 0.339913 0.024152 0.018918
7 0.148485 0.484594 0.018134 0.012317
7 0.187221 0.385483 0.015786 0.011913
3 0.270197 0.478390 0.042354 0.022702
3 0.523695 0.521787 0.023345 0.018189
3 0.261290 0.360736 0.024583 0.016480
3 0.110353 0.636641 0.026346 0.021771
3 0.701904 0.520371 0.022220 0.017460
5 0.019298 0.524816 0.038596 0.021957
3 0.194910 0.639480 0.021013 0.016773
3 0.449000 0.648794 0.024873 0.015248
3 0.636834 0.642314 0.019727 0.014485
9 0.553638 0.616011 0.012865 0.007624
9 0.604671 0.482974 0.010292 0.009911
9 0.255806 0.428463 0.009006 0.006099
9 0.274675 0.390725 0.015010 0.006862
9 0.304265 0.392250 0.011579 0.008386
9 0.329782 0.386151 0.012008 0.009911
9 0.325922 0.604194 0.012865 0.008386
9 0.350366 0.599239 0.011150 0.007624
9 0.323134 0.624017 0.010721 0.008386
0 0.269529 0.634309 0.005575 0.004574
0 0.263525 0.647651 0.004717 0.006862
9 0.047387 0.631640 0.010721 0.005337