5 0.335585 0.438630 0.041933 0.028264
3 0.406632 0.440623 0.023123 0.020169
3 0.776650 0.529596 0.022348 0.018032
3 0.957192 0.477006 0.020944 0.016402
3 0.706648 0.464706 0.022028 0.016938
3 0.318473 0.525320 0.022012 0.018116
3 0.130997 0.478428 0.021709 0.015955
3 0.635139 0.437238 0.026955 0.020227
3 0.642796 0.526939 0.021504 0.017968
3 0.258412 0.443962 0.023683 0.017892
3 0.595933 0.448915 0.021563 0.016217
3 0.042734 0.523214 0.025272 0.019493
3 0.531121 0.555490 0.020790 0.016564
3 0.120116 0.557058 0.022994 0.018888
3 0.790022 0.466575 0.022855 0.018565
3 0.871189 0.550135 0.021840 0.015988
3 0.918302 0.476413 0.019437 0.016838
3 0.088031 0.450111 0.022775 0.017552
3 0.839596 0.611233 0.022414 0.017339
3 0.489953 0.445427 0.023161 0.018067
3 0.247038 0.609620 0.022389 0.018012
3 0.186542 0.301519 0.012277 0.040576
3 0.356244 0.326661 0.012429 0.035340
3 0.800765 0.442767 0.027469 0.021914
3 0.837177 0.448019 0.022270 0.016337
3 0.840611 0.523671 0.019069 0.015467
3 0.338453 0.660413 0.014276 0.041398
3 0.728945 0.745889 0.016105 0.033615
3 0.161336 0.450274 0.021298 0.016748
3 0.742380 0.473269 0.023403 0.019551
3 0.891615 0.647205 0.022526 0.017491
3 0.741446 0.779255 0.014934 0.028543
5 0.338276 0.554811 0.039191 0.024609
3 0.453778 0.440165 0.024295 0.018551
5 0.355936 0.470925 0.040531 0.024099
3 0.759892 0.824772 0.016892 0.034772
5 0.468588 0.473444 0.041116 0.025827
5 0.578377 0.475253 0.042697 0.025852
4 0.735035 0.438485 0.023063 0.019170
3 0.767661 0.439620 0.022051 0.017812
3 0.951643 0.598252 0.025517 0.019692
3 0.532317 0.478440 0.020743 0.018028
5 0.982787 0.521211 0.033976 0.023208
3 0.672898 0.435651 0.021918 0.018308
8 0.468427 0.473541 0.041877 0.026857
3 0.703508 0.439115 0.020637 0.016164
3 0.825861 0.479873 0.025023 0.019107
4 0.661838 0.481229 0.024075 0.018094
4 0.063890 0.482174 0.024145 0.017364
8 0.578428 0.473513 0.041705 0.024659
3 0.367004 0.642964 0.021868 0.018418
3 0.142831 0.640383 0.016747 0.017282
3 0.370608 0.532141 0.022622 0.017917
3 0.941163 0.447068 0.024764 0.015847
3 0.167605 0.640258 0.019893 0.015251
3 0.231127 0.522788 0.022845 0.015863
5 0.206604 0.480252 0.029358 0.022827
4 0.653007 0.459386 0.022380 0.017960
3 0.577532 0.520759 0.020985 0.016315
4 0.874006 0.476026 0.029250 0.021536
3 0.978024 0.447975 0.023385 0.018212
9 0.288443 0.608143 0.007270 0.009999
3 0.313106 0.466538 0.020927 0.017168
3 0.228778 0.351588 0.020346 0.016311
9 0.589072 0.607352 0.010222 0.010943
9 0.394460 0.625430 0.011758 0.010165
5 0.978812 0.549814 0.023109 0.017749
3 0.874692 0.442302 0.019945 0.015902
4 0.905784 0.449942 0.022188 0.017530
4 0.874614 0.442326 0.019468 0.016360
5 0.013288 0.557133 0.026233 0.019907
3 0.022431 0.351420 0.027966 0.017748
3 0.989624 0.475537 0.020283 0.019993
9 0.982848 0.617699 0.011003 0.011491
9 0.728353 0.399917 0.009044 0.009602
5 0.021523 0.351691 0.029673 0.018824
8 0.013124 0.557675 0.026195 0.020525
9 0.738560 0.386697 0.007858 0.009558
3 0.033079 0.258239 0.017971 0.014937
9 0.215592 0.424998 0.012496 0.010143
9 0.206668 0.597884 0.007407 0.009773
7 0.261670 0.360960 0.025152 0.018784
5 0.052076 0.292549 0.021956 0.019805
3 0.450056 0.648607 0.025256 0.019616
5 0.412055 0.658021 0.042980 0.028774
3 0.574310 0.982778 0.020497 0.025473
6 0.981416 0.646692 0.013786 0.014161
5 0.874565 0.476634 0.030445 0.022697
4 0.562952 0.433440 0.019310 0.014459
9 0.207758 0.267632 0.005016 0.015565
3 0.990937 0.664517 0.016782 0.019733
9 0.904049 0.398133 0.009405 0.008294
9 0.085738 0.601386 0.011617 0.010056
3 0.943385 0.703029 0.015253 0.023561
3 0.412865 0.484643 0.015459 0.011582
3 0.978698 0.550035 0.023185 0.017148
3 0.994447 0.428166 0.011106 0.018882
9 0.187998 0.437281 0.009849 0.009620
3 0.227101 0.455154 0.022997 0.018125
3 0.261629 0.361033 0.025099 0.017907
7 0.246541 0.636602 0.016287 0.009652
7 0.507614 0.388697 0.012339 0.015794
0 0.264929 0.650543 0.004936 0.003510
0 0.270993 0.632116 0.006628 0.004763
0 0.288057 0.625472 0.004936 0.005014
0 0.312666 0.632116 0.005923 0.004262
0 0.280089 0.632868 0.005923 0.005265
0 0.314922 0.638007 0.005923 0.004011
9 0.117698 0.427850 0.012857 0.005343
9 0.145166 0.434678 0.011354 0.007124
9 0.180398 0.425772 0.011354 0.005343