3 0.091715 0.610500 0.020104 0.016779
3 0.714196 0.551032 0.023217 0.019363
3 0.626885 0.463562 0.022050 0.017030
3 0.533355 0.612852 0.021311 0.020175
3 0.912137 0.520221 0.022421 0.017173
3 0.630439 0.438034 0.021672 0.017189
3 0.477146 0.438222 0.026626 0.019452
3 0.597573 0.549750 0.021479 0.017155
3 0.719483 0.523807 0.024444 0.018999
3 0.057872 0.527579 0.024716 0.019531
3 0.391675 0.560425 0.021463 0.017532
3 0.741385 0.480467 0.024283 0.018479
3 0.256156 0.552733 0.019802 0.016318
5 0.474204 0.474786 0.041106 0.024038
5 0.168285 0.480121 0.047314 0.028913
3 0.390407 0.448750 0.021495 0.015398
3 0.841721 0.475761 0.019125 0.017733
3 0.834645 0.448595 0.021152 0.015820
3 0.453629 0.532603 0.021775 0.017267
3 0.361215 0.476674 0.022341 0.017643
3 0.356209 0.326720 0.012049 0.035125
3 0.707591 0.466600 0.022045 0.018430
3 0.338326 0.660797 0.014357 0.040083
3 0.804651 0.442743 0.019054 0.015790
3 0.600749 0.440196 0.020588 0.016941
3 0.728923 0.745625 0.016025 0.033201
3 0.672708 0.440360 0.021055 0.018589
3 0.186647 0.301416 0.011958 0.040942
3 0.716352 0.441748 0.027646 0.021541
3 0.951489 0.598234 0.025813 0.019838
3 0.485195 0.549226 0.019782 0.016545
3 0.161407 0.449708 0.027125 0.019225
3 0.080802 0.446573 0.026476 0.019144
3 0.978636 0.529183 0.023996 0.018463
3 0.741379 0.779201 0.015174 0.028305
3 0.565444 0.525881 0.021634 0.016375
3 0.813177 0.472792 0.018816 0.017187
3 0.854631 0.518857 0.023214 0.016721
3 0.891566 0.647195 0.022707 0.018250
5 0.778841 0.475243 0.031523 0.023051
3 0.975939 0.443998 0.026330 0.018506
3 0.946451 0.468809 0.021521 0.014579
3 0.541449 0.438607 0.020483 0.017484
3 0.367030 0.642538 0.022050 0.018635
3 0.658702 0.469099 0.021187 0.019116
3 0.918796 0.447195 0.022936 0.018690
3 0.951352 0.449338 0.020963 0.015457
3 0.968644 0.428250 0.020726 0.017753
3 0.884962 0.447927 0.021919 0.016775
3 0.760857 0.448222 0.021842 0.016300
4 0.583535 0.480669 0.024905 0.016848
3 0.185677 0.555939 0.023686 0.018214
5 0.907636 0.550159 0.035283 0.022112
3 0.303492 0.641756 0.019419 0.018663
3 0.142742 0.640062 0.017529 0.016121
3 0.072473 0.466275 0.028579 0.020171
3 0.759566 0.824979 0.017312 0.035063
3 0.167470 0.640271 0.019821 0.015351
5 0.175924 0.524174 0.051922 0.026962
3 0.908779 0.475250 0.015124 0.019090
3 0.300119 0.437252 0.020534 0.015982
3 0.883987 0.475331 0.022158 0.018358
4 0.572592 0.458169 0.023957 0.019147
3 0.261588 0.360905 0.024831 0.017918
5 0.412041 0.657961 0.043850 0.028768
5 0.163184 0.524875 0.028261 0.023685
5 0.357088 0.519297 0.027024 0.019047
3 0.988795 0.479215 0.021532 0.018407
5 0.892733 0.474616 0.036938 0.021644
3 0.228493 0.351608 0.019727 0.016047
3 0.022278 0.351450 0.027804 0.018734
9 0.239955 0.602697 0.010168 0.010374
5 0.636232 0.550145 0.025524 0.017052
9 0.446004 0.558646 0.009752 0.010425
3 0.299168 0.292532 0.011846 0.039989
9 0.130782 0.381180 0.009738 0.009843
3 0.052504 0.292302 0.021438 0.019796
3 0.882325 0.449426 0.021641 0.015582
5 0.632165 0.520239 0.024815 0.017689
3 0.778963 0.474490 0.031980 0.021468
9 0.106515 0.395621 0.008671 0.010614
3 0.627353 0.460625 0.020569 0.015136
3 0.859415 0.430828 0.015536 0.014848
9 0.040300 0.376362 0.011233 0.010027
3 0.161521 0.347473 0.024020 0.022377
9 0.207878 0.267535 0.004795 0.015055
7 0.083627 0.377470 0.017602 0.013175
9 0.706687 0.614430 0.011656 0.008477
9 0.557541 0.483975 0.009007 0.011303
3 0.847940 0.635792 0.020133 0.015071
3 0.448763 0.648979 0.023312 0.016954
3 0.195506 0.641443 0.019074 0.011303
9 0.049274 0.633437 0.012716 0.004710
9 0.187823 0.630140 0.005828 0.007535
9 0.263854 0.601412 0.007418 0.006593
9 0.298822 0.618837 0.009537 0.009419
9 0.255906 0.669230 0.004239 0.014129
9 0.201334 0.681475 0.012716 0.012245