3 0.493923 0.552465 0.023080 0.017252
3 0.767911 0.529349 0.022447 0.017795
3 0.459578 0.520433 0.023712 0.017243
3 0.381765 0.550879 0.019891 0.017794
3 0.717848 0.465198 0.022245 0.017130
3 0.406481 0.615554 0.020497 0.019114
3 0.802814 0.449012 0.022317 0.018338
3 0.836797 0.443287 0.018115 0.015156
3 0.573737 0.437720 0.026463 0.017510
5 0.714792 0.551096 0.036600 0.022955
3 0.684313 0.469051 0.022666 0.020835
3 0.356218 0.326621 0.011933 0.034908
3 0.710891 0.519641 0.022135 0.017806
3 0.690129 0.438222 0.023028 0.017302
3 0.658583 0.462586 0.021804 0.016038
5 0.091159 0.441453 0.045278 0.026889
3 0.746931 0.480206 0.024360 0.018494
3 0.722155 0.438485 0.021284 0.017165
3 0.645600 0.521090 0.023102 0.018101
3 0.930346 0.446340 0.020948 0.016864
3 0.186562 0.302237 0.011937 0.042396
3 0.889585 0.549198 0.020957 0.018814
3 0.980013 0.518452 0.020768 0.016999
3 0.728888 0.745887 0.016147 0.033350
3 0.210312 0.445020 0.022941 0.019045
3 0.133109 0.559744 0.020737 0.018771
3 0.871511 0.476487 0.021036 0.017384
3 0.338830 0.661265 0.014759 0.039265
3 0.839060 0.473991 0.020015 0.016975
3 0.971186 0.448754 0.023662 0.014630
3 0.657141 0.438960 0.020432 0.015706
5 0.303317 0.479464 0.044902 0.029246
3 0.950581 0.597768 0.024639 0.018657
3 0.859504 0.447981 0.021056 0.016925
3 0.311808 0.446853 0.025402 0.018920
3 0.994975 0.444740 0.010050 0.015550
3 0.366884 0.642639 0.021820 0.018768
3 0.741333 0.778868 0.014985 0.028661
9 0.167561 0.552758 0.009389 0.010320
3 0.768474 0.439835 0.026271 0.021417
3 0.891600 0.647460 0.022458 0.017580
3 0.167727 0.640373 0.020140 0.015396
3 0.221940 0.556871 0.019851 0.015507
3 0.435383 0.438935 0.020599 0.016278
8 0.567462 0.473725 0.039694 0.024884
3 0.522348 0.449092 0.019736 0.015090
3 0.251779 0.533784 0.021412 0.015482
3 0.783177 0.474719 0.030991 0.023053
3 0.622962 0.435695 0.022331 0.016718
4 0.245140 0.461690 0.024441 0.014696
5 0.363419 0.522585 0.025790 0.020316
3 0.759625 0.824647 0.017124 0.034111
3 0.982550 0.468366 0.025471 0.016101
3 0.628364 0.481822 0.023522 0.014961
3 0.142831 0.639952 0.017379 0.015919
3 0.625380 0.458439 0.023500 0.017100
3 0.311838 0.528824 0.021372 0.015243
9 0.356162 0.602104 0.012233 0.008995
3 0.380358 0.440115 0.021666 0.015888
5 0.091578 0.475632 0.043419 0.022526
3 0.261639 0.360762 0.025082 0.017742
3 0.892265 0.422956 0.018844 0.016377
5 0.783508 0.474209 0.030177 0.021803
3 0.161781 0.347537 0.024157 0.022224
9 0.187018 0.389939 0.011274 0.009198
3 0.045836 0.459356 0.023338 0.018147
3 0.009298 0.443906 0.018212 0.020408
8 0.303179 0.478165 0.045302 0.026937
3 0.033388 0.258238 0.018488 0.014483
9 0.381370 0.596941 0.009792 0.009218
9 0.321590 0.624432 0.007823 0.010936
3 0.894784 0.445247 0.022424 0.016770
3 0.930796 0.474749 0.037925 0.019808
5 0.412151 0.657642 0.043224 0.029137
9 0.945612 0.558228 0.011558 0.009408
3 0.993678 0.427363 0.011510 0.015513
3 0.418581 0.468196 0.023818 0.014570
3 0.940180 0.473538 0.024119 0.018517
9 0.030699 0.379684 0.011706 0.009117
3 0.990642 0.665615 0.017702 0.020598
3 0.299208 0.292453 0.011836 0.039889
9 0.207828 0.267572 0.004844 0.015092
5 0.416916 0.549623 0.023691 0.016919
3 0.974683 0.449524 0.021122 0.016018
3 0.943100 0.702334 0.015360 0.022767
8 0.159791 0.523605 0.026805 0.021465
3 0.499993 0.475363 0.021073 0.019078
3 0.183170 0.484096 0.017508 0.013032
3 0.993113 0.688241 0.013775 0.025805
3 0.228698 0.351753 0.020006 0.015592
5 0.567881 0.473860 0.039828 0.022642
9 0.968945 0.399069 0.008640 0.011471
9 0.968933 0.380682 0.010258 0.010822
7 0.221639 0.387033 0.017583 0.013984
4 0.021285 0.352895 0.030539 0.019742
5 0.110357 0.635869 0.027300 0.018097
3 0.300300 0.645329 0.020359 0.017275
7 0.246163 0.635047 0.015732 0.011516
9 0.511297 0.616538 0.009254 0.010694
9 0.623736 0.632579 0.008329 0.011516
3 0.449525 0.648619 0.022673 0.015629
3 0.637154 0.642039 0.020359 0.010694