3 0.769346 0.552441 0.024128 0.019081
3 0.782068 0.524532 0.023833 0.017854
3 0.570117 0.612721 0.022565 0.019937
5 0.032989 0.548841 0.057102 0.028633
3 0.793128 0.443916 0.020199 0.015628
5 0.141618 0.480223 0.046845 0.028737
3 0.733028 0.479790 0.025910 0.018325
3 0.441274 0.437147 0.026589 0.019270
3 0.651483 0.549982 0.021409 0.017030
3 0.694047 0.465891 0.021382 0.017945
3 0.139430 0.613207 0.020599 0.016985
3 0.840028 0.475602 0.019439 0.017824
3 0.606254 0.463688 0.022902 0.015598
3 0.502760 0.532292 0.020416 0.016373
3 0.509374 0.440499 0.020938 0.018794
3 0.959879 0.520762 0.022511 0.017737
3 0.654062 0.440870 0.020957 0.017324
3 0.351256 0.448720 0.020662 0.016493
3 0.186595 0.301556 0.011980 0.040768
3 0.338388 0.660932 0.014166 0.040403
3 0.124356 0.528692 0.025726 0.018725
3 0.572635 0.441970 0.019791 0.015535
3 0.356218 0.326604 0.012036 0.034984
3 0.321378 0.476811 0.022823 0.018479
3 0.640341 0.469401 0.022060 0.020069
3 0.824208 0.448128 0.020122 0.016058
3 0.698885 0.442214 0.027709 0.021059
3 0.325893 0.550469 0.020673 0.018087
3 0.728794 0.745550 0.015766 0.032817
5 0.435762 0.475524 0.042119 0.024718
3 0.951810 0.597794 0.027182 0.019847
3 0.891639 0.647059 0.022670 0.018123
3 0.813389 0.472472 0.018903 0.016218
3 0.741235 0.778735 0.015379 0.027840
3 0.952568 0.449050 0.022217 0.016526
3 0.050380 0.446517 0.026736 0.018466
3 0.976052 0.445506 0.022649 0.017553
3 0.901823 0.520124 0.022919 0.017701
3 0.456221 0.559903 0.021325 0.015883
3 0.957651 0.429361 0.021043 0.017373
3 0.127242 0.449755 0.025240 0.017632
3 0.937504 0.469159 0.019388 0.013847
3 0.367057 0.642614 0.022010 0.018390
4 0.605977 0.438078 0.022334 0.017207
3 0.268203 0.438384 0.020127 0.014727
3 0.919974 0.445378 0.020029 0.017321
3 0.228776 0.351524 0.020065 0.016184
3 0.746965 0.448245 0.022988 0.015762
3 0.303268 0.641141 0.019133 0.017720
3 0.142550 0.640052 0.016508 0.015346
3 0.257446 0.556237 0.024132 0.018168
5 0.955448 0.549741 0.033937 0.022048
3 0.167005 0.639868 0.019354 0.014572
4 0.034288 0.465780 0.028389 0.019036
3 0.879295 0.447489 0.021994 0.017538
3 0.759919 0.824687 0.016939 0.033840
3 0.261707 0.360694 0.024719 0.018003
3 0.691565 0.548875 0.026508 0.017524
3 0.990540 0.426026 0.018920 0.017406
9 0.508252 0.557361 0.008954 0.010215
4 0.633128 0.524089 0.021637 0.016868
3 0.877475 0.474678 0.022357 0.019717
9 0.216052 0.599876 0.010972 0.010445
3 0.559394 0.480311 0.024601 0.017334
3 0.824313 0.450419 0.018769 0.014837
4 0.200920 0.440807 0.021218 0.017146
3 0.161476 0.346841 0.023858 0.023167
5 0.147072 0.478982 0.038024 0.024587
5 0.772799 0.474746 0.030390 0.023515
5 0.985084 0.480101 0.027306 0.020980
3 0.178704 0.456352 0.023489 0.017818
9 0.463422 0.386092 0.007924 0.011012
4 0.546735 0.458721 0.022194 0.018189
3 0.985226 0.480270 0.027594 0.021911
3 0.052303 0.292398 0.021140 0.019182
3 0.021654 0.351646 0.029195 0.018804
5 0.213084 0.525189 0.016928 0.021070
5 0.404796 0.522648 0.029510 0.021217
3 0.299125 0.292162 0.011674 0.039816
3 0.772709 0.475237 0.031928 0.022788
3 0.701551 0.519949 0.026791 0.018419
5 0.230884 0.524616 0.050385 0.024453
3 0.195161 0.641121 0.018870 0.014859
4 0.772674 0.474633 0.031077 0.023818
5 0.412316 0.658037 0.043469 0.028616
3 0.513336 0.242203 0.021827 0.020942
7 0.213102 0.525567 0.017369 0.021100
9 0.411962 0.390064 0.010297 0.009525
9 0.142809 0.380016 0.009971 0.008876
3 0.449083 0.648727 0.023853 0.015494
3 0.540826 0.542712 0.018349 0.017125
7 0.850459 0.432213 0.012844 0.011417
9 0.872936 0.421611 0.010092 0.006524
9 0.886238 0.419980 0.007339 0.004893
9 0.901147 0.420388 0.007798 0.007339
9 0.883945 0.432213 0.009174 0.008155
9 0.859174 0.452192 0.009174 0.007339
9 0.922936 0.481550 0.009174 0.007339
9 0.855963 0.419980 0.009174 0.006524